1 1776
2 1776
3 1777
4 1779
5 1779
6 1778
7 1779
8 1780
9 1779
10 1762
11 1338
12 1162
13 1561
14 1686
15 1502
16 1551
17 1556
18 1257
19 521
20 27
21 13
22 20
23 28
24 1184
25 1443
26 3646
27 3678
28 3905
29 3922
30 3684
31 3419
32 1470
33 1452
34 13
35 11
36 14
37 23
38 544
39 1071
40 3253
41 3728
42 3966
43 3957
44 3658
45 3748
46 3466
47 1535
48 1513
49 557
50 10
51 9
52 255
53 1570
54 1460
55 1747
56 3550
57 3730
58 3817
59 3715
60 3737
61 3448
62 2292
63 1297
64 1379
65 931
66 916
67 896
68 1370
69 1076
70 3630
71 3601
72 1892
73 1122
74 1222
75 405
76 34
77 12
78 84
79 1388
80 1573
81 3718
82 3599
83 3553
84 3772
85 3426
86 3750
87 2147
88 1290
89 202
90 12
91 8
92 17
93 62
94 1541
95 2056
96 3747
97 3828
98 3944
99 3874
100 3683
101 3381
102 1542
103 1649
104 355
105 334
106 794
107 1545
108 1513
109 3571
110 3683
111 3694
112 3602
113 3469
114 3648
115 1924
116 1361
117 1568
118 1647
119 1711
120 1553
121 1553
122 2828
123 3672
124 3742
125 3832
126 3765
127 3521
128 1845
