1 1648
2 1650
3 1656
4 1653
5 1651
6 1649
7 1648
8 1650
9 1657
10 1656
11 1653
12 1650
13 1656
14 1653
15 1651
16 1652
17 1656
18 1653
19 1650
20 1657
21 1649
22 1656
23 1651
24 1654
25 1650
26 1656
27 1649
28 1650
29 1653
30 1648
31 1650
32 1651
33 1653
34 1647
35 1648
36 1650
37 1655
38 1652
39 1647
40 1654
41 1650
42 1657
43 1649
44 1650
45 1649
46 1648
47 1655
48 1651
49 1650
50 1654
51 1654
52 1653
53 1653
54 1652
55 1654
56 1656
57 1654
58 1656
59 1659
60 1656
61 1656
62 1652
63 1659
64 1652
65 1658
66 1654
67 1658
68 1656
69 1652
70 1652
71 1657
72 1654
73 1648
74 1649
75 1659
76 1658
77 1658
78 1654
79 1653
80 1653
81 1659
82 1654
83 1655
84 1657
85 1660
86 1653
87 1660
88 1656
89 1658
90 1660
91 1652
92 1652
93 1648
94 1661
95 1654
96 1657
97 1656
98 1660
99 1661
100 1657
101 1656
102 1659
103 1662
104 1655
105 1656
106 1652
107 1659
108 1653
109 1660
110 1657
111 1657
112 1658
113 1658
114 1654
115 1653
116 1658
117 1657
118 1656
119 1660
120 1658
121 1656
122 1659
123 1657
124 1657
125 1659
126 1657
127 1659
128 1658
