1 1731
2 1734
3 1728
4 1731
5 1734
6 1734
7 1729
8 1734
9 1730
10 1731
11 1728
12 1735
13 1733
14 1734
15 1692
16 1446
17 1262
18 1048
19 1284
20 1264
21 1323
22 1089
23 1418
24 1450
25 1189
26 1215
27 1436
28 1297
29 1381
30 1433
31 1434
32 1371
33 1412
34 1382
35 1263
36 1465
37 1621
38 1556
39 1621
40 1576
41 1625
42 1627
43 1610
44 1572
45 1443
46 1327
47 1322
48 1411
49 1394
50 1459
51 1360
52 1467
53 1495
54 1508
55 1520
56 1531
57 1527
58 1558
59 1582
60 872
61 1475
62 1442
63 1608
64 1635
65 1622
66 1590
67 1572
68 1608
69 1596
70 1518
71 1625
72 1680
73 1645
74 1631
75 1658
76 1692
77 1711
78 1726
79 1721
80 1695
81 1704
82 1708
83 1706
84 1737
85 1712
86 1716
87 1739
88 1736
89 1748
90 1760
91 1743
92 1445
93 1208
94 1364
95 1365
96 1425
97 1384
98 1436
99 1331
100 1395
101 1380
102 1477
103 1495
104 1548
105 1521
106 1585
107 1610
108 1597
109 1597
110 1550
111 1535
112 1483
113 1509
114 1484
115 1538
116 1444
117 1536
118 1560
119 1631
120 1539
121 1597
122 1613
123 1625
124 1634
125 1641
126 1641
127 1654
128 1681
